460 692
12 951
475 69
515 494
302 39
468 199
185 264
658 990
499 213
904 559
228 220
569 908
2 56
133 601
358 149
744 452
395 468
386 317
543 897
322 139
671 951
66 148
674 104
396 757
453 851
120 492
602 229
603 362
99 484
921 818
591 563
862 236
986 47
70 217
595 880
411 238
487 74
658 221
420 371
918 64
64 603
723 626
535 961
682 865
296 538
481 845
908 624
807 292
524 24
212 438
899 132
35 478
72 535
836 881
450 927
313 512
61 767
707 330
715 388
590 718
97 136
991 832
300 535
336 247
91 833
578 557
278 615
957 214
27 557
838 375
751 285
961 528
786 808
321 316
711 79
358 914
472 480
375 330
740 66
741 186
589 592
135 265
997 640
553 255
71 341
178 924
624 489
553 325
673 672
4 777
971 217
763 39
869 423
129 34
824 499
244 56
52 174
955 905
342 523
459 778
386 650
283 545
381 832
475 855
147 291
16 211
570 135
471 691
330 880
512 267
707 669
233 292
936 902
454 784
260 844
91 612
982 70
112 482
983 808
784 650
826 817
804 739
591 930
492 745
451 710
590 0
685 812
163 803
404 462
282 826
758 426
929 47
403 805
854 203
717 183
608 617
55 667
371 90
845 0
364 1
204 318
347 864
860 771
431 999
428 368
628 174
273 13
253 839
661 691
420 271
529 94
346 911
802 984
447 217
528 728
254 273
773 726
616 356
250 524
913 104
491 96
664 976
128 499
721 805
496 323
555 787
260 835
667 514
218 160
200 130
478 587
680 498
458 466
524 66
363 293
863 11
959 966
785 616
216 901
521 505
93 923
444 489
127 540
700 200
900 461
696 745
913 607
639 882
244 145
653 439
739 781
812 509
712 761
142 438
684 27
637 855
647 474
374 456
599 549
102 251
780 539
423 32
143 114
991 726
891 757
219 274
908 423
141 161
553 892
621 378
283 147
340 938
550 280
126 470
439 926
250 552
884 319
647 481
648 429
553 838
650 399
276 142
348 620
531 984
260 484
827 451
644 503
594 234
151 958
196 627
388 8
3 830
804 709
884 578
5 327
514 867
31 156
972 19
929 234
690 446
347 631
162 319
149 353
744 353
975 380
929 933
664 552
0 492
800 135
966 801
370 446
393 847
580 421
861 964
1 356
56 978
723 355
185 613
981 633
212 288
812 25
282 308
441 782
122 274
987 954
564 872
639 801
180 307
554 717
731 127
437 891
823 827
73 853
933 989
163 717
24 576
747 124
581 935
985 492
486 633
459 814
501 459
48 350
809 465
882 596
60 984
929 272
217 54
696 601
309 954
788 119
764 963
624 839
722 839
285 546
864 7
577 598
91 217
358 513
928 442
798 477
238 629
139 378
683 349
855 417
789 341
381 98
478 361
778 561
953 465
843 206
287 111
259 437
199 894
63 471
319 294
809 767
409 437
665 939
136 965
427 91
260 289
841 881
26 875
406 985
716 57
592 515
212 924
15 124
239 683
370 698
470 932
592 332
256 45
691 660
55 25
370 797
207 970
597 65
682 558
411 715
186 241
270 890
743 227
41 846
107 655
713 256
709 607
830 313
197 677
938 419
183 55
794 599
370 539
206 590
812 853
774 738
903 546
72 618
903 669
668 412
709 608
23 322
23 820
870 684
158 726
574 330
272 460
999 100
555 192
914 295
927 353
654 879
10 484
443 310
360 553
944 36
419 606
137 220
799 387
976 740
544 45
862 547
853 908
809 408
817 909
533 768
68 21
242 905
947 434
261 325
741 390
535 134
79 687
914 169
222 33
508 814
374 496
645 387
847 415
490 592
861 609
836 225
783 528
33 584
323 941
322 540
933 240
53 559
221 143
842 339
601 942
652 230
429 714
986 351
411 135
758 988
563 298
77 878
405 225
629 182
961 29
43 76
390 127
692 663
625 586
685 579
773 320
282 582
537 769
261 411
342 662
242 31
528 277
161 106
309 858
716 905
679 256
931 512
32 408
676 564
23 702
206 394
990 700
464 817
693 849
593 467
318 656
658 796
148 796
403 687
890 341
601 772
365 917
882 806
884 583
946 903
171 574
462 305
803 457
277 740
261 745
806 786
473 92
67 265
589 679
244 674
265 291
755 248
919 253
758 232
386 449
257 817
752 110
803 739
772 70
962 704
893 910
469 236
102 893
748 620
154 67
944 594
583 777
907 563
483 408
603 612
244 425
528 373
89 907
51 393
322 425
411 983
632 117
766 570
737 438
256 382
421 977
520 578
309 534
